34.6236596245170    78.0246928153624    3
30.2867107682261    43.8949975240010    3
35.8474087699387    72.9021980270836    3
60.1825993862098    86.3085520954683    4
79.0327360507101    75.3443764369103    1
45.0832774766834    56.3163717815305    3
61.1066645368477    96.5114258848962    4
75.0247455673889    46.5540135411654    1
76.0987867022626    87.4205697192680    4
84.4328199612004    43.5333933107211    1
95.8615550709357    38.2252780579509    2
75.0136583895825    30.6032632342801    2
82.3070533739948    76.4819633023560    1
69.3645887597094    97.7186919618861    4
39.5383391436722    76.0368108511588    3
53.9710521485623    89.2073501375021    4
69.0701440628303    52.7404697301677    1
67.9468554771162    46.6785741067313    2
70.6615095549944    92.9271378936483    4
76.9787837274750    47.5759636497553    1
67.3720275457088    42.8384383202918    2
89.6767757507208    65.7993659274524    1
50.5347882898830    48.8558115276421    2
34.2120609778679    44.2095285986629    3
77.9240914545704    68.9723599933059    1
62.2710136700463    69.9544579544759    4
80.1901807509566    44.8216289321835    1
93.1143887974420    38.8006703371321    2
61.8302060231260    50.2561078924462    2
38.7858037967942    64.9956809553958    3
61.3792894474250    72.8078873131710    4
85.4045193941165    57.0519839762712    1
52.1079797319398    63.1276237688172    3
52.0454047683183    69.4328601204522    4
40.2368937354511    71.1677480218488    3
54.6351055542482    52.2138858806112    2
33.9155001090689    98.8694357422061    3
64.1769888749449    80.9080605867082    4
74.7892529594154    41.5734152282443    2
34.1836400264419    75.2377203360134    3
83.9023936624916    56.3080462160533    1
51.5477202690618    46.8562902634998    2
94.4433677691785    65.5689216055905    1
82.3687537571392    40.6182551597062    2
51.0477517712887    45.8227014577600    2
62.2226757612019    52.0609919483668    2
77.1930349260136    70.4582000018096    1
97.7715992800023    86.7278223300282    1
62.0730637966765    96.7688241241398    4
91.5649744980744    88.6962925454660    1
79.9448179406693    74.1631193504376    1
99.2725269292572    60.9990309984499    1
90.5467141139985    43.3906018065003    1
34.5245138532001    60.3963424583717    3
50.2864961189907    49.8045388132306    2
49.5866772163203    59.8089509945327    3
97.6456339600777    68.8615727242060    1
32.5772001680931    95.5985476138788    3
74.2486913672160    69.8245712265719    1
71.7964620586338    78.4535622451505    4
75.3956114656803    85.7599366733162    4
35.2861128152619    47.0205139472342    3
56.2538174971162    39.2614725105802    2
30.0588224466980    49.5929738672369    3
44.6682617248089    66.4500861455891    3
66.5608944724295    41.0920980793697    2
40.4575509837516    97.5351854890994    4
49.0725632190884    51.8832118207397    3
80.2795740146700    92.1160608134408    4
66.7467185694404    60.9913940274099    1
32.7228330406032    43.3071730643006    3
64.0393204150601    78.0316880201823    4
72.3464942257992    96.2275929676140    4
60.4578857391896    73.0949980975804    4
58.8409562172680    75.8584483127904    4
99.8278577969213    72.3692519338389    1
47.2642691084817    88.4758649955978    4
50.4581598028599    75.8098595298246    4
60.4555562927153    42.5084094357222    2
82.2266615778557    42.7198785371646    2
88.9138964166533    69.8037888983547    1
94.8345067243020    45.6943068025075    1
67.3192574691753    66.5893531774792    1
57.2387063156986    59.5142819801296    4
80.3667560017127    90.9601478974695    4
68.4685217859111    85.5943071045201    4
42.0754545384731    78.8447860014804    3
75.4777020053391    90.4245389975396    4
78.6354243489802    96.6474271688564    4
52.3480039879411    60.7695052560259    3
94.0943311251679    77.1591050907389    1
90.4485509709636    87.5087917648470    1
55.4821611406959    35.5707034722887    2
74.4926924184304    84.8451368493014    4
89.8458067072098    45.3582836109166    1
83.4891627449824    48.3802857972818    1
42.2617008099817    87.1038509402546    4
99.3150088051039    68.7754094720662    1
55.3400175600370    64.9319380069486    4
74.7758930009277    89.5298128951328    4